department 特色通識—社會創新(在地實踐)
994017
994057
994065
994068
994071
994075
994128
994117
994126
994076
994077
994124
994125
994088
994078
994122
994080
994086
994089
994112
994113
994114
department 特色通識—淨零永續(綠概念)
993062
994127
994001
994012
994002
994079
994020
994024
994121
994074
994027
department 特色通識—國際連結(東南亞)
992106
994030
994096
994085
994098
994099
994106
994009
994102
994045
994103
994123
994101
994116
994119
994120
994105
994108
994109
994110
994111
994010
department 自然—生命與科學
993001
993002
993022
993054
993118
993129
993130
993139
993086
993093
993162
993163
993106
993126
993131
993132
993133
993137
993145
993008
department 自然—工程與科技
993023
993052
993055
993164
993165
993102
993089
993159
993060
993158
993064
993161
993075
993116
993156
993157
993013
993066
993111
993120
993143
department 社會—社經與管理
991094
992033
992116
992240
992035
992152
992110
992202
992220
992238
992120
992135
992129
992151
992141
992143
992177
992191
992193
992203
992205
992236
992213
992214
992216
992217
992223
992062
992211
992232
department 社會—法政與教育
984003
992076
992108
992239
992112
992078
992020
992061
992219
994025
992218
992178
992131
992179
992180
992071
992188
992206
992234
992186
992185
department 人文—歷史哲學與文化
991068
992154
991075
991087
992075
991140
991184
991101
991144
991229
991230
991125
991178
991219
992096
991181
991196
991154
991223
991224
991225
991163
991192
991199
991212
992073
992087
992171
994044
991176
department 人文—文學與藝術
460135
991040
991172
991200
991062
991227
991147
991213
991228
991120
991216
991221
991164
991065
991069
991167
991170
991226
991183
991190
991218
991193
991201
991203
991207
991209
991210
991211
992176
991032
991071
